1.123515352826967
0.3948117040822787
1.0110504174687898
0.25714453316840274
0.03145750341345505
1.7457449108112604
0.9977807205597761
2.9420838244823297
0.32948977041579525
0.7815531574620499
0.18597292262963105
1.72923267173578
2.98664439991015
0.06545090964236594
0.3878159582393267
0.21553347041154325
1.2397257914740272
0.12218930261606778
0.3929901769102429
0.7203537459048275
0.1774745060883866
2.713615696750955
0.5002227160505879
0.37934174557028955
0.18880399640062517
0.6716712722708926
0.07425776570542222
0.7003731663814131
0.359643848290952
0.9652299166723761
0.6514344247700882
0.3729652161821571
0.08999223830476118
0.14313129957423923
0.8124448715873244
0.008782976751428244
1.5744333827583952
0.005523892641840821
0.8195483587362192
0.12490730947304193
0.0013631057242109328
0.6871456175754673
0.350107236442013
0.39685649198663114
0.3273142695312872
0.6523498170700004
0.2477146387764847
0.11571148885685911
0.104898676917007
0.6428142115765716
0.5590673665337281
0.5836710885805165
0.43830431424404026
0.28134897275892207
0.05153165387590822
0.16211852258064005
0.5917329414352627
0.7927636371002702
0.6849316458811581
0.20986679883252585
0.6669087090326438
0.9853527624613233
1.0855339152090497
0.30910492867471945
0.49131582828387993
0.7132084625182871
0.07348467058809323
0.03117950123770734
0.5031462093400876
0.1031489603975844
1.1124465719007743
1.947294239735749
0.959529608223746
0.06109162196805272
0.2600874358957536
1.7552903477322368
0.012876174557653348
0.848993577370633
0.11844210877419409
0.4870141071582397
1.9237145658757036
0.38937085219989287
0.33850865455372814
0.6532100109795983
1.2354730639474987
2.5420077236984646
0.8880558110545518
0.6926108899820399
0.546864200078576
0.8780716771638168
0.9179954243127351
0.12576029242086734
0.5039927250910431
0.21096752794565532
0.49364529042824923
0.7079074800220055
0.1370398848884763
0.1993680330224226
0.1559108963311527
0.42638038841229964
0.08674269776753046
1.356890116415089
0.0879855100125165
0.22423988469074035
0.28905313453841475
0.07372818480851048
0.16989147332205495
1.5378841908469687
0.2015994185353235
0.6462904894964785
2.1044557139046063
1.0285820064682876
0.3453496553709552
0.5848799860117099
0.3430728979067131
1.9253803915805137
0.08103853846953957
1.389287668692548
0.5091565176798621
0.1320746964771669
0.4125669694505956
0.41754534123640435
1.2915494530743
0.7684948136079255
0.38471043419420925
2.0106323870496303
0.2589771256594866
0.8072577403863619
2.3683237696079384
0.4507461597521323
0.8815996239574626
1.0802699761952235
0.39565089782379614
1.128650137488611
1.48731670999943
0.0002623821873336905
2.172808885995675
0.23726427232016928
0.23345714963416744
0.5165551231011107
1.7412661765286583
1.1902730516857578
1.768357780083476
1.8621104264895805
0.4321571399869247
0.6103513227894519
0.13753440139832804
0.24228436257071884
0.2629427432479865
1.9948656236599374
0.1468311112423389
0.2706030407919273
0.030221365064121486
0.3142410308575423
0.8344345579226956
0.7698216648116618
0.7163237907116012
0.12257917321070619
0.2556975625426992
1.4748469067683803
0.07427620902990761
0.08052170004453682
1.2557336703212953
0.14539828850540906
0.7128900680629506
0.5201994752866171
0.13435469065251054
0.1296777024212629
0.26850870010066963
1.0766221952328028
0.28193450898853123
0.8783916929889453
0.889817300682733
0.21860802378623417
0.4010361954167809
0.21995474981426746
0.06832089657305196
0.23412287414570154
0.5211183261251482
0.38485491915477926
0.007650429104132613
2.5445154415533526
0.25921932761069905
0.35923126028799485
0.3728604126692877
0.13466560985221365
0.8506779972507785
1.4750177856757585
0.7576960894115913
0.09760210382213926
1.4455945454952996
0.4015001116685642
0.10207435256490405
0.900468387972065
1.223621778140753
0.8226285148197978
0.08240700344412535
1.650028503379188
2.333826433008106
0.41051834130304937
1.060652270019179
6.000574258542047
0.2625434187400827
0.5643449303888156
0.5839162498370627
1.4468774726974454
0.544512495425526
0.20399952433431895
0.9584876553266988
1.2005668587403748
0.07525220874675899
0.034606071152129284
0.9303470388301643
0.5163535184346664
0.3087154735845347
0.2966760205600897
1.2550115946169322
0.8929880747413496
2.3495554211276466
0.10607661706013462
4.3764638053092115
0.08112441605552333
0.9158318136348589
0.7484879753874989
0.06995359506208182
0.07754002340152578
0.07534840500554957
0.16455490884245338
0.26731267167452977
1.8253638264901277
0.23261482329407268
1.7369252110616185
0.013202081532013153
1.8519801325706526
0.3908352772617277
1.2716464028579562
1.064294756590322
0.08009256849925231
1.3241804639188495
3.550937606346511
0.9708191735931659
1.099713226063993
2.0990502522191496
0.26606980441922756
1.7421853221308368
0.7258977967101826
1.4842926162584136
1.892465275507861
1.4381916925060576
0.09036036009628202
1.490473901328976
0.39169004196738416
0.5831207037645515
0.3834591148126151
0.918410082547848
0.6758559977463948
0.004429139189872616
0.18532894518631352
0.18488732181647127
0.5710303570301537
0.472065977246498
0.5528125382871532
1.2958693556625245
0.01849263346868777
1.4078869704596353
0.10461362638015398
0.42076057791813415
0.021455288472296764
0.7498390204888767
0.28292199510023996
0.7563958197561054
0.6930637137873625
1.4632635506913456
0.9762638134649074
0.38906403112379107
0.04955768440943032
0.02006689423394554
1.3573472334656693
0.23561148987245217
0.5360297777595117
0.1509523866287739
1.1757114356242004
1.9276247768530395
0.3852786328447604
0.49793298244190964
0.9763350504869567
0.07619875382050481
0.07298098876435039
2.020446044079061
0.14216848211255162
1.0276710497910408
0.12283726866524315
0.0640718879791202
0.3640679248600365
0.19961853519845646
0.13943876569315505
0.14462451263012863
0.764557794950806
0.0031398164567033203
0.11127455842899087
0.9060432018077754
0.13263076004720786
0.6844702165856684
0.9944533512217593
0.8205981116979206
0.43777568369848013
0.3805813141631068
1.0020509053236049
0.28500930369534827
0.8045461835634449
0.3184505342350379
0.07389843970424728
0.8531718553251648
0.9929345763073038
0.0010927227749425042
0.20983195219485143
0.059842236378745584
0.7899201592463504
0.25356259644340007
0.07190076435460138
0.42086104542799735
0.7148050290208556
0.06197595604913781
0.44804814289977896
0.03131439281564906
2.1050868599440555
0.4138177818043062
0.10820248341799632
0.2068524976240293
0.02570009942183704
0.24601251866546894
0.028211663908460072
0.0119964743830734
0.20562679678538698
0.8842140207043784
0.06991928455960839
1.525532122857125
0.21487110086357325
0.2780417686953719
0.060484969391572455
0.06358406118452448
0.3034565800867899
1.045145419766089
0.6980443020566591
0.6256252389527489
1.3682867120174769
0.17373613842887425
0.19956366116911517
0.7255341884676098
0.4232638670631204
0.7014065157966085
0.10727972178023994
0.3875582686544995
1.25304018437643
0.6631954024032902
0.5873934006769008
0.24590039363080443
1.6226267133010301
0.05746765740155106
0.018906416059915526
0.3952743599180779
0.5280549277000715
1.2283530213429097
0.22465800301437938
0.1596640692141778
0.3309085705257808
1.4120396833618303
1.8265247475062207
0.5419336142792601
0.222981132848229
0.1413115339526278
4.113137467279184
0.8448287874386865
0.09280888555972341
0.9247651369714953
0.10816265281054795
0.10634976863118628
0.0937274106628488
0.19103276336351854
0.2075581509626621
2.0853268171615262
0.4546766040871978
0.5813636834810962
0.2672676446667466
0.46349321514629693
0.20467785231144256
0.021605205392891597
1.7646221006935967
1.067085778202336
0.31910261397781375
0.16042697434590267
0.17031304147198703
3.410357338924485
0.5192372008048263
0.4560839835476452
0.18046578992078047
0.35126055718016014
0.023037686020852297
0.8879205047982044
1.7575023102920833
0.27695975193012035
0.4507876406721563
0.013264668787389224
0.5953921601613393
1.035809884823658
0.566256746739572
0.17137059695566392
1.3375600917450772
0.14509798866162849
0.5396778182205866
0.6568123622260936
0.9958555447570723
0.015298318414174153
0.37663948077389536
0.36588271842153475
0.6481345080562508
7.485088510161985e-05
0.2052757684644798
0.5778334230631907
0.5448344029417231
0.12387378415290502
1.2700749349714333
0.7797412854076107
0.7646733027516124
0.4628991149651346
1.6076399420493122
0.05095905907298915
0.1720287114730217
0.030216558786864335
0.5487373997542471
0.06455547935860934
0.3017809354699456
0.31798659034285964
0.29981806781780046
1.8208140790793088
0.9141809433169954
1.032983065138088
0.23953935755148653
0.873650821313357
0.9309675798916053
0.4699794380996195
0.019129055054173328
0.22225417025129468
1.8291095812068492
0.41358335504466287
0.4234402835761937
0.6409835174114873
0.9524458799215738
0.3170579411513859
1.0962223664211987
0.11678830211704427
0.3316548854034293
0.07782977114765652
2.300886419999164
2.4498142247714565
0.21812692657541224
1.06354578872547
0.7889346240604957
1.1847723493535263
2.5475066695193167
0.017274496410980136
0.14207992339650427
0.6072411304133081
0.15452401726361306
0.4044231295376777
0.5400552140081507
0.09544699891897891
1.1166067848383872
2.361080530148228
1.6036703269634693
0.5053993502157866
0.17022468997041978
1.6428911732970868
0.4616508456806603
0.1629791084524386
0.06677116456356025
0.004810680944457846
1.6440801556813374
0.886378381983129
1.2319393752241257
0.015206934550289718
0.5774416571249482
0.6800986950928323
0.3417284343684035
0.8852285402898904
2.4533589403400216
1.3798002155204334
0.5470482864847446
0.7118594198050624
1.3371745741441954
0.14014194302639366
0.2603221782235685
0.335541256494881
0.543442501397825
0.3517966457145395
0.5963403941753771
0.716863763531844
0.578363615878126
2.3541018871544432
0.29193451637417484
1.2506229965499025
0.22406495293205603
0.47699518908256344
0.009781682517677477
0.05712580405202492
0.3148419564858654
0.31619077223753483
1.1853285235569233
0.4959347418869633
0.4964095706858266
0.7350507416301888
0.9733839566437239
0.46091508447865787
1.4713608887582685
0.15124108379779697
0.22875285707216497
0.5088686580289894
0.4192918465344296
0.709457620444379
2.0857562030196397
1.0970481664301517
0.045325242214893764
0.2743073953524919
0.11591639045906232
0.1498185722781153
2.4777147387287117
0.49812105586730804
0.6183359736081127
0.8439828721329278
1.5708446318036446
0.3607328184865921
1.6598410991085317
1.98713530355168
0.19906750879224258
0.1266120580268773
0.5677545735890447
0.47669789653072914
0.06105182846391957
1.0489384913622681
0.2119321546878561
0.6588279765333196
1.019300040095184
0.15614772223097578
0.033483054481831045
0.0938493663325155
0.05269613979860793
0.4362788533172065
1.0422179539537846
0.7705039928177797
0.8901556256989485
0.04882845304710085
0.3741704110133402
0.3880603584703741
0.6934740630427175
2.0175362588527586
0.689779447228142
0.5828949799952523
0.2579852392833338
1.2462950838495397
0.509529463085283
0.4416045816870656
0.06925047373763507
0.615790663184974
0.769712326302059
1.471031868118134
0.5041199072705123
1.9179930426008494
0.051595708820448005
0.49576958102765556
0.22182399594745597
0.865032843730405
0.6785273790808338
0.07454590214908932
0.6199056877184039
0.5760671680826384
2.063717304013369
0.808037108842803
1.1892089735689007
2.2459738787331394
0.778084111325923
0.6038720689064683
0.641527206258851
0.07025811198290635
0.02239930727910125
0.2193855396366109
0.23023454562227713
0.4593622617213516
0.0067752227009872
0.7140309333841592
0.2832290365409218
0.5338521182849535
0.21271512359620648
0.2522300031526496
1.1853613637382643
0.1374522647196863
0.5823891932703364
0.16916501496011052
0.005522955966786283
0.7495322674218823
0.12656947143321806
0.1573268103812912
0.14727296763452877
0.25706566356183624
0.4874268861067981
0.2530398711293095
0.7079228037771561
0.5877645807525445
0.0005866176151259972
1.0286363640778522
1.7755467859652392
1.7494695014628698
0.020589196721180425
0.41441535818104797
0.43576541542707037
0.5134054302585542
0.9330888512743243
0.1001748008183998
0.905260586131154
0.2349358821776119
0.1870522273432481
0.15313408405022366
0.893377586349729
2.9915341743430326
0.03293661534839411
1.0315306455240967
0.09536033195622245
1.238270991846076
0.21399570991497988
0.058287314941627984
1.0324042353738911
1.8875729764838236
0.4798078278676693
0.5525383292595512
0.11403616334753648
0.029064301913471847
1.070345699498516
0.14265670736925568
0.7294123963037713
0.5881302960492714
0.9578733035497529
0.2975909678996452
0.6680636772924402
3.4044485988705873
0.6200477780779552
0.6663111433517407
3.275212985834445
0.3269392467845902
0.19668196477051583
0.21300794045262106
0.5670733134874995
0.5410256081377404
0.15618638910811114
0.618521967247751
0.6950317507841396
0.8889780699562277
0.49066579110166175
0.1729628309275575
0.13810478962917355
0.31511763174059915
1.057058338240237
0.3879044542004311
0.07838413724309781
0.6833108175382578
0.9894853056437133
0.10868049172018736
0.4010157552571539
0.13866899849383318
1.8284546534476656
0.19512873316812313
0.0712939832953611
1.01431634556331
0.18646303358490413
0.4585404762543107
0.8972727770551977
0.007992208758518587
0.00028858193798457255
0.28062803808362957
1.1126794618171287
0.06986028663565054
1.0933433254785072
1.1399084809071425
2.32986888264442
0.5830722366344353
3.065306119894958
0.5836383413413522
0.25585824606819774
0.07297546928349814
0.8824778888332228
0.0031384951563514013
0.6730694214278468
0.37692894957508366
0.29414120952412104
0.2551662563390457
0.7076273270075437
0.8305055173653457
0.4264218606647592
0.8194564184746814
0.20172665526054806
0.5900281210500743
0.02441544708554263
0.2598269785204554
0.9193891231608055
0.3875734181315607
0.9606973767862953
1.2131006708593963
0.0866814403369638
0.023446758146118026
0.002286484791211681
0.04450979952013946
0.7769270016597136
0.05591717397445326
1.889688884900645
0.066317170492438
0.5694976435328917
0.12945527675940977
0.7393728122329037
0.7282244269334934
0.014636256986736554
0.9569839719131163
0.25280297517493533
1.163500212510157
0.2641184921192341
0.3551380418152785
0.040353753245464453
0.1970146274920961
0.3284178826012195
1.2808314407748531
0.27033727658695966
1.400667355568927
0.4162951618374207
0.4358096870456105
0.6485227907767062
0.2809081893307288
0.5729562524332361
0.060563657408118095
0.7175474186830795
0.16182873461297667
0.37435405094308477
0.7889234116059474
0.46154539922971727
0.2082247090410101
0.8473006269424361
0.20657050293291335
0.23565419688896563
0.03113685037006557
0.7191604701804821
0.12978074778592574
0.02109224840517788
0.30186603474862833
0.04503390612769645
0.1615205914013702
0.41132189346361053
1.9259816015489843
0.8379308964506966
0.5302510788141845
0.4290067013563013
0.8564006737714223
1.2506127605500827
0.9700049732458341
0.6547293125862195
0.41172832352095373
1.6144990861576711
1.5123430904214221
0.669522466042169
1.2359434785703292
0.40256562944082097
0.5239421971702816
0.05744387083913911
0.40744276237886506
0.19177052574334985
0.2718896632081804
0.14878457842854004
0.5627478306831348
1.640650656126268
1.0039874266220634
0.8372555037657996
0.4277304246294381
1.3115920489871278
0.24512609672090857
0.3538685344080997
0.23584213332192452
0.3868693784549999
1.4039004955733585
0.3397642098116257
0.31973885277298913
0.43302693185310376
0.1694612848308196
0.6012407472277091
0.8373163970198467
0.10281969623087109
0.38173343646769947
0.07913669736895981
0.03751413611726484
0.5380728688716462
0.8118636557123868
2.721297002884082
0.08907615930927482
0.3126206368842317
2.40315038377873
0.9985934506171708
0.8096661164289647
0.4442574111865006
0.29506243462380033
0.6403394989195981
1.2018148290985557
2.0410433454717154
0.0811489620808798
0.5544577900718655
1.2399983926563642
1.883162436727699
0.0934200208244917
1.9738241414567868
0.31062252182367905
0.6809294271781938
0.6934817501375348
0.051483974182081324
0.074727543204103
0.3073223174706389
1.6258056783561647
0.6025507156381782
1.3649201376798525
0.12309935181584777
0.6062840675859882
0.7903418690967593
0.19837197138752988
0.021775599091115722
1.1058434197294649
0.11375412341930308
0.0033706579320018173
1.6982701045043325
0.5872734329127065
1.8577489336688662
0.14525472590692318
0.4304984054063715
0.3321774821592792
0.5909430618859026
0.2839420677901791
0.7555043348656
0.37550832980412474
0.17161727810564245
0.1965486631661614
0.47988564763041813
0.3685285646998722
1.7242510825150115
0.8315649760541196
0.42815644167176786
1.111913819581604
0.0910574021577073
0.6432676205852567
0.20317109620046697
0.32102095658976904
1.3844220542750503
1.1268165239707832
0.146726022484173
0.30063991474876023
0.04833444850105521
0.07151986180928258
1.2805658759101282
1.6185912456976113
0.36099322349844776
1.6897135665731997
0.6094460006765525
0.6983026559486694
0.22795419646061776
1.7265440233129337
1.1552488783412889
1.5682499888831922
0.23756594424298297
0.13329081296274423
0.09158656335675926
0.12561823389276816
2.0389105993383283
0.4081497850304565
1.2011373941386796
1.133014566191974
1.1525495432817023
0.7011194422444659
0.5936059713816701
0.6971098901164385
0.03383887774550789
1.7158357654209024
0.3662027290719212
0.0854171678305709
0.4884713255139578
0.3609021416556598
0.4453105915365979
0.2366061053357045
0.3998981332898542
0.5443114639234692
0.6939362420371374
0.7919236368147569
0.9995334555879453
1.4262159976900692
0.13704425874119083
0.05784536908189392
0.3448663968425217
0.9349221048433518
0.10393591824804867
2.157501807435651
0.08914793890691394
0.4567766512128525
0.21121152384110392
0.028602073924569052
1.1053783107436626
0.3693663164391075
0.6159741304294306
1.5056696649187409
0.6800840654057063
0.36454346698551887
0.1627386662030002
0.5258253298163201
0.19500407699782057
0.47489752000864816
1.3148724237524665
1.626475350587404
0.720828138118455
0.04194126750608202
0.5722736395012578
0.562340357819531
0.3603436029576945
0.9668668295599915
0.44110184840050937
0.10128542293675713
0.7547638006221904
0.05177518710325728
0.0014412553264674948
1.9704206106291022
2.153350074722851
0.37086393115095473
0.39830621381520276
1.4607144844631583
0.16046378247629686
0.3927839632006765
0.3053083752215145
0.7496068218454598
0.2164638068838502
0.06360831259806782
0.7332082031988968
0.3530517828353959
0.5985119282465642
0.047544258429591105
0.22667182450978032
0.2933595491605587
0.16432071414362553
0.3162688505099699
0.17002891308778117
0.036813646415762485
0.29930247213994715
0.17109625526206823
1.6071861584768903
0.19808114005942282
2.0965214289960117
1.046813414886474
0.3386924720633061
0.019391923550005602
0.2850924227102145
0.25512006369898566
1.3364380320158165
0.03575757593740523
2.076819664052552
0.671033902907659
1.7444342656357865
0.8871001657615146
0.45488205954518546
0.2812573458930639
0.050232102367712445
1.4737109013838596
0.41571014146061147
0.2607040539561306
0.5326464582799362
1.6095842084946406
0.03471345582324832
0.1680553665923642
0.43203130699457387
0.8366576815356167
1.4660928920804377
0.7254960518286154
1.421366724578974
1.0809132182321834
0.43524345545224175
1.067531020010561
0.19227752914313792
1.395044803150685
0.0764320279030537
0.7614714232712272
1.0150638014775542
0.21698555533234956
0.40145936412200545
0.41525603444513265
0.3439899290752677
0.21446217362230305
0.8957102545999767
0.04733225688861487
0.2163516560758053
0.29334107260790554
0.41559379791611917
0.021039836753383088
0.12704407313574695
0.00431675257471363
3.5132490263810627
