0.47572284950008353
-1.0433654320269874
-0.42116518728976826
1.1439055656926396
0.32096192957118297
2.5559356649727243
0.07637983699750923
0.1739560183925835
-0.7860493255106847
0.8194065864037434
1.1890764392292121
-1.0225609571281584
-1.5317224887011847
-1.6984415484560909
0.25484568335036867
-0.4179190564711347
-0.0011834172777802398
-0.7481411728992068
1.5337262605089705
1.6213991226363005
1.2539967366799325
-0.2889350968289374
0.3550831769037517
-0.11204744771452246
0.40906064301223793
0.1691606821815386
-0.6607363217833874
1.8940992400563852
1.1452405940844685
-0.15664055469246238
-0.4873180659971677
1.5702971783124495
-0.3942563468540448
1.3439685417052973
-0.5283601371087706
0.5835518726187623
0.5590615481031226
-0.6335064870189261
1.124974677507465
-1.1929787428086551
-1.34491006656261
0.307982424775048
2.3682623395478473
1.248632347372755
-0.2898075483841106
0.00984981085045825
-0.30237597478888034
-2.051286840753033
1.1077257570749022
2.212288694008814
-0.45239092743053405
-0.27345798993166387
-0.48928076564644724
-1.6434815356438388
-0.14089004644228437
0.8520434739921571
-1.7634101275137235
-0.449597345310081
-0.6488697854897038
0.7562133096566009
-1.0199422662158062
-0.977946974583199
-0.3532554092725136
-0.5801471756082046
0.3876367568273703
-0.0016844235556443237
-1.3248593916446967
0.6452840410332628
0.8924468826354566
0.19395945829380384
0.16121722970618374
-0.6978221783236949
-1.2792007975852264
1.8234122384094384
1.075604155841742
1.736798475332
0.22186976390461025
1.947248924759427
2.0587603099475116
0.5571351891723009
-1.3847230016038425
-0.6361104754136473
0.017171629748702674
-1.566096588988757
0.5076653876519761
0.1289498520506359
-0.5198464468717069
-1.5427826268362557
0.45576625076076555
0.8535558370753844
1.9117081478081148
0.006813734626364555
-0.16596956286386114
-0.7756203495940395
1.1281693291051795
1.6484530222889127
-0.07053762969309518
0.8548571460537732
-0.057672321882971105
1.3558325693551159
0.4262975371821164
-0.8473255281005319
1.0241115985978182
0.7010257165965782
0.9479284957237386
1.260808255918013
-0.7344019372835298
1.5038330167346514
0.5080153527305946
-0.5542058561795824
-0.8960656568589394
0.5226558271128282
-0.5632141548114207
-1.4152666140334567
0.2512215667816192
1.4274391662753765
-0.0005300014541974945
-0.9477779273842
0.7882494005459099
-2.0599591818099117
1.436616835006499
-0.1470044346907605
0.23291172203009688
-0.2679347582501401
-0.3303420138927038
-0.18159416447550283
-1.3169352790942757
0.5353574447654003
-0.12443828362601703
1.6745787557688745
0.15254599334771224
1.8105777546908985
0.5922412639193183
0.45624088489990705
0.5099425901238783
-1.278236638058137
2.4602724945446237
-0.5223315748787815
0.8733512433519303
-0.6148458697924809
-0.45200624765407843
-0.05319196202802586
0.24687314968508417
2.3933692396946236
-1.6796800537444718
0.5852941641941356
-0.17509956115155928
-0.8214961956831788
-1.630148863426813
0.0781439952431601
-0.5942946034984646
0.949483287824356
0.5479457397012345
0.9014390242331205
0.5306514852851034
1.983229339267677
0.9026434479567552
0.415568422921438
0.6263123149889427
1.5828631922579586
0.04319733901414246
0.2625991020594769
0.050112495120282145
-0.702766268654262
0.1725185223795114
-0.12243636663155881
0.21727156768401382
0.8044285200783278
-1.756387309717021
1.0551106443494356
0.292280891044566
0.722480038005651
1.5202574008006027
-0.9114220906568339
-0.4339488333314536
1.1137849669239697
-0.4108121016002266
0.2070946158025216
-1.8971363009479973
0.8328790586114516
-1.0707955994954363
-0.8577756610832467
-1.09309963456905
0.14697912672091054
-0.9045989562457177
-0.7804844751703404
0.3254899409237566
0.539679978843428
-0.9927523825544541
0.8406992460440443
-0.7848834137993377
0.08131777761389505
-0.22395756494150307
0.2275115262275422
1.2478005629080644
0.4079240764881761
-0.27552586660079137
0.7933985546212186
-0.9145042943823559
-0.32676649993328866
2.0414811516206552
0.36115412555504656
1.9020256465078955
-0.9931509395531674
-1.5811919742008653
0.4441470632203803
0.13046065136463225
-0.8690488395635734
-0.9777209959298339
0.3113014826920912
-0.9330702688521729
1.0243054151483721
2.578698610187825
-1.3160231356295937
-0.6137532384411718
-0.4711388272916619
0.22170930090986973
0.07138248520339689
0.8160108196921232
-0.14630210413936728
-0.5915306484230296
-1.2722186570121499
-0.7135976997731944
-1.850377398090434
-1.7134038547304227
-0.4974895481104464
0.4194534772694217
-0.2849574426012309
-0.16529435654171423
-0.25771039712754107
-0.7538845587875215
1.3378492798500456
-0.8690932860068462
-0.07601841754983678
0.7334363520049377
0.7828131880132884
-1.3273080227987266
-0.1091723879522295
-0.42625901259655347
-1.0888381195811905
-0.34141126693110085
-0.892797638737768
-1.0738604471813953
-0.1793649745716467
-0.5422865408069573
-1.4636173160030632
0.5955581586800154
0.24702766320155933
-0.5391938157451589
0.10080175847537987
-0.5393600143120589
1.4979183335777904
1.1389473493278741
-1.9750384562285546
-1.2168594818300118
-0.5737074495085241
-0.31675798706994457
0.8269620554803171
-0.31618213178057863
0.7709306703257431
0.15579489491642123
-1.1086410997336513
-0.7323796069293004
-0.5549623418951958
0.052068007101993136
-1.172635586876547
-0.18373778006057995
-0.010707743611992239
-0.3751626518521401
-0.6178732750866837
0.0581080364943205
0.6817575820414262
1.1991107908779468
1.2938171437339987
2.030614633731031
1.178623625031866
1.3529941340642753
-0.7324051465645818
1.6159379137659078
-0.45426301790205265
-2.2058153700006122
1.0430372835860753
-0.8573840484031681
-0.8087774292731728
0.008534457007435383
-0.49880057414250484
0.0629560375600232
0.007567947026558941
-0.5543002197498359
0.687318867649708
0.6455777551997364
-1.4565424365527322
-0.018643758395331684
-0.6575452249855254
0.8948344504492926
-0.5872455169517155
-0.9665084288329966
1.3607536057931002
1.7450929398405552
-0.04323665904566532
-0.1845909727294106
-1.6240855338034075
0.7881540786317465
-0.49705972656417846
0.03480693261334205
-2.6255274777966595
-0.018717884677030134
0.8477360000043488
-1.8767986210276826
-1.236183437587178
1.2801160247878562
0.5009965513872047
0.3860779386868134
0.20242599815016862
0.7999301628870513
-0.25000473923484196
-1.0196645751260363
-0.09398193192439044
1.7054680959553106
-0.3139914034059309
0.77105086676163
0.9224769534313275
1.3220658734454094
-1.2686768865831168
0.29287257473919215
-3.146474740432552
-0.6890271567874139
-0.37492223368887184
0.06175869729425704
1.5246838998064138
0.14607213863875532
-0.7708420929560031
1.2937378887456201
-0.24837192777948366
0.12228922741556782
1.8461399249907802
-0.24239813369769486
1.162892102349844
-0.20763469946428353
-0.7050865075658997
-0.322362817041601
-0.5821683144508144
0.36040459773974437
-1.4513868107306358
-0.03421088015499281
0.47119914022995607
-2.195866787117136
-0.044947300453661486
-0.5317499935969039
0.1032437456892535
-0.4730304377067752
0.676518725141224
-1.837774361108298
1.0129702476102322
1.0925992626521588
1.0002186500380792
-0.6601936456591149
-0.3373670850944093
-1.1619877863857304
-0.9260390512559806
1.4267589222711026
1.0530013071233237
-1.377072279132058
-0.7426378364455636
-1.1793456505736666
0.5027330673463873
0.5831367548797679
-1.3251351634820978
-0.39260139801885785
-0.8085180835048308
2.0127006296022403
-0.16746484027202913
0.4777425656083736
0.8467799568267061
0.5271111558963888
1.2045770877698871
-0.07124406826399889
-1.0643666527600155
0.7144785301367823
-0.5415884905096493
-0.8995054154784544
0.44561122321976304
0.3688716030464409
1.8652823141626267
-1.6018391306181254
-1.0562128090912248
-0.3394473298311126
0.568382887416254
1.0892608631274967
0.28508267988921443
-0.5790092920206087
-0.8674974730611612
-0.8418074287486284
0.8312935239774677
-0.8992073548107432
0.35730882342055215
1.002942673959124
0.7839320509320201
1.3368964912146561
0.6567855928236986
0.255390625630803
-0.36981633880180526
-0.23993427647307902
1.098623707985105
0.009487303855300886
-0.8475845196810101
-0.5806739838276742
0.885541200936707
-0.28315816714701797
-1.6288706110947266
-0.20837641511025046
0.37311938764284025
-0.20492941763267666
0.4972792345283429
-0.3739348338428388
-1.004419357168026
0.9679387945774373
0.20812834050719864
-0.14930214449248277
0.9646731548840696
1.0684905790531252
-1.3647040392758032
-2.1032688298726416
-0.12474636980018769
0.3361563897908218
1.2018502315832633
1.3177859993548648
0.7139886387968045
1.1190565205987368
-2.0936098528839446
0.4010093388353262
-2.658165114523892
-0.8195996659708596
-0.16403419478552017
-0.4247815115202558
-1.1343297249796698
-1.7943057340939126
-0.11076332031297347
-0.6088967102196294
-1.2241340720734557
-1.576243301838494
0.39028036553749884
-1.9642201905615746
0.5226615721200688
0.6426737074841636
-0.4627661546588918
-0.4437959125784878
-0.39240802124156093
-0.6657410727100348
0.7892970029949998
1.870654511676408
-0.29764213968747744
0.8287774786672918
0.17207151603624168
1.8512038340365167
-2.4167486515246277
1.6183046525639104
-1.6905815645928344
1.4599221424978728
-0.07999193074033994
1.005681211983494
1.9170583571098452
0.16682363155454655
0.2827063787363363
-0.4017520094239241
0.7014620475280913
1.9796971456083756
-0.18594141600798458
-0.6044021651829101
1.9385183364735
1.6599776432907567
0.36080585497173207
0.766183972250766
1.469209513351958
-0.5015697836826426
-0.4172253937962757
0.4568218768232342
-0.061715919179711975
1.6603584580152135
-0.25763089312786036
-0.2957426432739226
0.8216048145389778
-1.096886322759846
-0.22565075291732156
-1.6213795821676564
0.5845468169342382
0.14941181393759373
-0.1962317821362689
-2.308495360233744
-0.2830663873193803
-0.17897491146034605
-0.2591702075909711
1.9793235443253008
-0.7946170578022229
-0.9342624961583996
-0.4906582912020018
-1.1354220397302155
0.4557382343850584
0.7281650915292137
-0.1487696915066443
0.6791120446509591
-0.9330564460586692
0.7030179459571483
1.5554552271087088
-1.120588869924932
-0.21879131527387288
0.3986899425836136
0.3105766041744059
0.06427126429817143
0.7432347187577242
-1.3417660259990287
-0.2021583796879079
0.8131463828861004
-0.060056827483386574
0.2591003573288417
0.7336551059019034
0.09568679487203863
0.8793139755846591
-0.7126858247026493
0.26806656711034593
-1.7607661879735792
-0.5492161252322345
0.9360923242704074
-0.425798430250043
0.06384929198379351
0.4613177366288687
-1.2242905240543138
-1.8948353947456742
-0.7315434936571055
-0.7350253647885618
-0.6098854390299114
-0.8882672476980653
1.0258238303058984
0.7600276725154731
0.6231650494311455
-1.3310797872121485
-1.139845929019597
-0.9248954693416779
-0.8918450189249864
1.9146482541083945
2.0460252692978904
0.5093759023971932
-0.3823799445368036
0.057055334000797354
-1.0624917594629155
0.574203178043081
2.433119639181213
-0.027119529969893467
-0.6991095014084457
-1.7613672194559573
1.202045274266269
-0.5813499976805209
-0.311895223718616
0.5204397980246012
-0.5591716664854859
-1.131614423767032
-0.8740119020336237
1.1536939677023823
1.0114048007318526
1.268133747006985
0.9273495613241466
-0.5644580320461561
-1.8522764459078611
-0.614478772050381
0.7645818655790902
-0.09582545996749114
-1.272415967356483
-0.7106211760105378
0.287761998958692
-0.10508008124392981
-1.6351718147123047
0.5888469229358002
-1.4032358015695494
0.5692459226801846
-0.5054098977713897
-0.5142687192079944
0.7585341562030948
-0.15358566126492532
1.4252981714761757
0.12790782380751792
1.2780135429966397
0.08494764246126052
-0.10129402557442142
-0.06094242243564049
0.6527554504440539
0.8548332550474265
-0.9803121224344712
0.22584987764306094
1.6775872934879892
1.2937879664660172
-0.7185789764259458
-0.5549071452764689
0.7708083307207634
2.1893980034392073
0.2657465188603443
-0.8823061029358444
1.1998189386930496
1.4393842500122118
-1.7468853704997789
0.9270601583640952
0.7974958718166172
-0.8629861712863677
0.6698846782617254
-1.8568910816540098
1.391683494916422
0.5173159478637678
-0.9083539684235036
0.7551282085460483
-1.9190257877713626
-0.9420083853565799
-0.20517754354054837
-2.8417191140000138
1.5317991156283242
0.38434738298834104
0.8416010612909824
-1.6834682287714802
-1.5963410877282835
1.7814309440262057
0.7219974484389924
-0.05428860978136799
1.3600324049723198
-2.330814399933171
1.5425543546374731
-0.37793242074191186
-1.011138330639099
0.5117068966927694
-0.777623958387563
-1.9457075873947498
0.24803566741577418
-0.6681337612421813
-1.4056981498179952
-0.616139317394293
-1.5992718602734368
1.1102110501189129
-3.502508991996471
-1.2653023103528642
0.6518864255393256
0.17759276549687833
0.05807160299318897
-1.2950330537016708
-0.9030405530674523
-0.6307232118336324
-1.3086118695077273
0.821364963422457
-0.27031726119325644
0.942943477898476
-0.2592019280604082
-1.0655757614125225
-0.27190083950857846
0.27858326353170054
-1.815955006157422
0.16856503442146484
0.8603500561682726
0.18973518727918554
-1.6521003239658572
-0.9340664568717517
1.74001734699556
0.6192346085267968
-0.6742209805214943
0.8900077468939905
-0.2195716748506725
-0.09460265860508499
-1.7684394938073178
0.20195233302595827
-0.35217525273762396
0.19852589442567387
2.3058379749227647
-1.1788055339924264
0.3138677594675779
0.1030363828560637
0.4663579604343489
-0.29222066522505924
-0.27634559698746075
-1.591821087625643
0.3902731392223787
0.6320237574212758
1.3194833089257982
0.16579465845153254
-0.1357120138012
1.107532215433765
-0.5948736059094167
0.06397770679795892
-0.357189952548846
-1.6156734493946359
0.45330292806983397
-2.4297204111821893
-1.1164670669400962
2.550263697396846
0.6098135003315952
0.9203263629790439
-0.13517302897160277
1.8016916197066193
0.13264075698040503
-0.37652429842347573
-0.9920290403910456
0.9861375794137867
-0.2903121086121026
0.6379452419481226
-0.8213842427258191
2.25802189972911
-0.611161214029797
0.08263093450367712
-0.9974693014174287
1.284315371596096
1.00113005680492
-0.030112371448739197
-1.6869998870379947
-1.0907484739430129
-0.6532904568266426
0.324760146995331
-0.48342304689823584
0.7506041407429911
-0.17899960788134703
-0.7014094866111381
-0.4554720991636602
-0.6935137638781884
0.19593374778757727
-0.10186095048008824
1.0464199308956208
-2.7016381372829223
1.7369140480534886
-2.2039157649629204
-1.6487813539501375
1.1724635588485242
0.30175298147177587
0.7637424406393468
0.3146206212185688
-0.5248775551124466
-0.6312612366338152
1.1777398214147792
0.3036758856300958
-1.8137047681601492
0.9240015492619574
-0.4945885872030284
0.3343782855103307
0.2874041011854094
0.34590241139495226
-0.6303418967497874
-0.6863296226941787
0.8633548967847303
0.42200403158672833
-0.9234677631794606
0.44330077791313066
-0.29436405103102325
0.31639921274740507
-0.3867759456036574
1.0272070915775495
-0.8756999525323648
0.6436362359385458
0.2752169942412059
-0.7701476256369806
1.0870048762509352
-1.2855783178109523
0.6845818847104647
-1.0643099330899837
-0.6836626706030643
-1.9063061734030045
1.4491155101106004
0.17155222917520485
0.08351885410204545
1.327421947858966
1.3562364120635357
-0.46754590875033897
1.2093598406180193
0.8690086627591224
2.1313897670597366
-1.1477548704089893
-1.3980191734986165
-0.15543333415331143
-1.4048445438618695
1.2061573005784194
-1.1682350747566679
0.5562317931699202
-0.3666836022743803
-1.3394169845542925
-0.8707018869990305
-0.7299673409972421
-1.3714794506202839
0.34749976654863546
0.44809621815966255
0.8103184221545181
-1.0642169285276006
0.6356671291642878
0.5965028552137152
1.555947052699436
-0.31038839389648293
0.2510753044174975
0.12577051213356547
-1.2310413328588752
-0.15161697888751385
1.4941444572642764
-1.3292456215723285
-0.6786835490967381
0.6109833906303511
-0.5681309396255692
-0.4547656279045619
-1.2821655028676586
1.7091160040926154
-0.7491652627124539
0.10008118744928508
-0.9332591373114602
-0.07197273740556037
2.195054466110769
-1.5605070080385106
1.2300309481014082
2.164286327345012
-0.3550320977865946
-0.7543404017012408
1.4511961371230042
2.8087952101746496
0.09252294644582025
1.368670338858572
1.1656627064730383
0.5623053727589201
0.04409139326701957
0.5445485960437656
-0.09339154149780605
-0.14704676742220293
1.2965534343950822
0.970311209706211
1.7787508985291958
-0.3284448147762416
-0.7723148060508993
0.437579720683075
0.9168366056281068
0.10596685264712387
-0.12331943031936113
0.3682831715005373
-0.3759310547299013
0.4205639892295658
-1.2366002487664507
1.4740594248419265
-0.48572905854375836
1.1193435190430319
-0.6098630539710965
-1.5233063977318648
-0.12090904436633648
0.1389734419196935
-0.24445664425569924
0.009271482582263445
1.2919592614859061
-0.9309761159219399
0.9574601736098849
-1.4126671433862432
-0.2773393916191001
0.16074950256769424
-2.108221339757454
0.39513269385992505
-0.2005435218788925
-0.9783820544921333
-0.7163491970413474
1.0134242304123353
1.0814317197643748
0.8498968557761057
0.48891079259613196
-1.4833686929241374
0.39018473729101877
-1.2328892532984999
0.7120404961392758
0.12405131330347116
-0.4358621691442202
0.8732923940909254
0.9842981185737979
-0.3141709889021321
0.09511509951525389
-0.9814582309687556
1.0717681749500068
-1.2503890273051228
0.008616270407993938
0.4582362793543906
-0.8471869061491201
0.7706935038153455
2.163646269712595
-0.11254935192890755
0.8615260886063885
0.5069451736163902
1.0912635517223002
1.610049180699331
0.9148771579026199
-2.042937888752211
-1.0703761876821185
2.6542389452044244
1.2291289556995324
-0.04469222505559887
0.7524833404533277
1.2965938829054766
0.7169493057787596
-0.8836107406603775
0.5035474290387316
0.01962318262848358
0.11551808184434179
-0.3567688188846283
-1.308449925634836
0.17971151741552863
-0.37455568855064797
1.0947789231758358
0.07230064891026883
0.9999613417555886
1.4211263005811714
-0.7216955728355295
0.45851926891475486
-0.5682429786869829
1.9762371201890174
0.7065045684148216
-0.5300521900640592
0.8274136996452875
0.8537271932422004
0.006602951558751866
-0.8188427713792837
0.5643043160950179
0.21004638335357137
1.5883661374230786
0.9138144736727412
0.1477445273998727
0.7153495686098208
0.9518120814975719
0.20464155144265347
-0.8077888079786292
-0.8313201609179061
0.2912887586755154
1.4988505683698568
2.1287179734784756
2.0247628349712743
0.6264775261708279
-1.420739990856461
-0.010424367867149188
-0.1624127497909782
0.7063681023924886
-0.7965853763722275
0.19315205009921127
1.4531598218334985
-0.2958707874574756
0.46252082037733505
-0.9294331480568043
-1.0594139103425142
-1.0291908741491356
-0.0252950169682275
1.7182846932311096
-0.07827444784501363
0.2183875809048737
0.6144792533608293
0.8635900258864995
0.48893721122966577
-0.34233602490280357
0.08744923367738199
1.171819814274078
-0.29657378312573346
-2.049858922521769
-1.5420770844051974
-0.3398437692625396
-0.7643312587683806
0.6979688238958124
-0.7663910936909311
0.4984603634487874
-0.5444360532130218
-0.007712115154854303
0.23489235652271004
-1.102838457249087
-0.14903880647536405
0.6392106815551185
1.0406036661814402
0.20803778722677632
0.3799144205158449
-0.0832569196285652
1.484225263100206
0.482891289104513
1.136766864269476
1.197374047720119
-0.5879252054904299
-1.0284147038557334
-1.0195554269851301
-0.08765744791914883
0.07412857436225828
0.6607479938360833
-2.465028899362701
-0.7631759080629995
-0.040190812008411826
1.1233137149901413
0.5975561539360162
0.2704196727600586
0.05309425741687351
0.21868740760124802
0.5122264190846676
-0.39908273371318104
1.6990648664286987
-2.540232429133797
1.6655538166718786
0.7404107892860244
0.040249862410780074
-0.6131973215962246
1.6253136143639229
-2.128787615279552
-1.4067272243728404
1.6971637648243199
-0.12744376551924616
-0.2653451095172438
-0.09729435627602229
-0.6020719238102726
-0.10295287258388368
-0.6819687993266688
