3.1551757249779477
0.6140090458853509
2.4485991696954903
2.0654632402363884
2.395457317920716
6.260070885703054
3.956128127427271
1.5865687962336894
2.9657781356722057
4.2777116641218695
9.012488228892586
3.0749770880278504
4.372629832836575
5.216464581757357
5.350674906582659
5.422181465425209
9.166860118056732
6.163218046699996
7.135812704587405
6.704360478141246
1.94572828872009
3.7218083713910364
9.190403075668106
4.742905285005864
3.9624982810642964
7.239243468956956
1.5883180453236478
5.5454732291323605
5.184542213586863
9.70910147036999
6.918545590465061
6.823627487347952
6.0323185724765525
8.937987835934786
6.615588240160638
7.180206005208756
3.4185194890185597
8.998217050994121
4.930991749226355
1.0338532515352183
6.322638809926491
4.420042884224813
3.533695165791012
9.191975718450454
0.9265891093469503
8.426523669456161
5.439132953204519
9.718908933637223
1.6830486278828527
8.392181352489972
7.364630936296362
1.5587675916086774
7.319540664824978
7.862428990290542
3.999595709013276
3.25027542766171
9.502671592233515
5.579340441511115
9.703209855367266
9.164266695490328
9.420175470500215
3.5360471712208397
6.406834604721276
2.794892648141547
9.858959226638973
4.488328331676566
1.9781030242417819
6.75860971286526
6.675867153308764
9.465048575366904
6.338855849379323
4.928107007464356
0.5241579078834613
4.950039831832172
0.7058939782105467
7.624957001894925
3.6771071850114376
0.8137573248200447
4.446364581862498
1.7215545476430727
8.057387588607588
6.098124001080858
1.1107155904106292
8.86978181064501
5.590447240341204
7.618983961311219
6.041861985617853
5.2350593229752596
0.6535789299873451
5.120934025743105
9.907486266820188
2.6756429940631987
6.093188649939516
0.28171329938279643
1.0921042289977545
4.6302520208176565
2.5420489504631973
3.7634274617683627
0.6525678374283983
2.104603061404673
6.828239719886199
7.825658029009755
0.9298542360268802
9.592139383326064
5.610097222282321
1.7067396050558115
9.525894846741384
4.732291910567153
1.0971527110915713
6.995726698305758
2.533452102424868
4.123853449785169
9.940673479508593
2.273298639900072
5.083174755069882
7.583501106443134
0.6143948732983151
0.5771641289427032
2.698254541982905
4.429518371054212
5.0565660583932495
1.2801090834751527
6.520640299014477
3.175296531902505
8.218274229502136
6.455171522210877
0.9832710338706752
9.39711349682632
2.1467703935261184
0.22414942863453358
7.15678561241149
8.746139134857815
2.9280728618138308
5.715213937630569
0.7299803511123115
2.0042188118763726
2.825960389710155
6.822798578152205
9.066653292675593
5.4024679081607365
3.4740321156629705
5.544681141983586
7.6464228993920695
7.253296687130408
9.931885760106576
9.481260104136052
6.381354553536957
0.0878913669521253
5.131784159616098
2.159752012702032
9.216052029934561
9.986533942112578
7.300876089766819
3.5596262552737157
7.074729601068492
0.14525937312061643
5.526603505135782
0.36227461271188144
6.790862938987178
1.317145976060925
0.9044436064597794
1.404530578394556
9.79435061275515
6.049472992387132
4.713421304677667
5.029488677363564
0.9958188447172989
0.9428722742902529
5.598161249467556
2.432535848678037
2.874022094946814
8.335504398062005
3.5988183885144998
2.339865653988842
7.143285060938993
5.524297723365514
5.948686521236285
3.10826329373018
8.751055831060404
4.55078317737056
1.7145551053262997
6.969726830882231
2.2975542407950114
0.04948193478348961
0.47547325133593166
5.280286429874268
1.0562711457657536
5.748723624936318
9.27265517704363
2.1964940485465645
6.169290308307314
6.369885530023937
3.79107107636105
5.791847825421398
8.226312124729162
1.0951973747860244
5.09575136601895
0.6846627847827125
6.311616349554611
1.4135270891139418
9.942211909663547
8.552595364710086
4.767652285377272
7.419900641140477
3.2893195772851525
0.5008145070039038
5.886081320136881
6.016326304569347
9.722895526542242
3.0622036705998266
9.793834980955213
8.498946057754491
8.740157100295248
6.37926170905952
5.8900470581772835
2.0937136514161336
6.20704428010969
5.595178414372013
3.5072310947085894
8.893474279121811
3.6230891219870323
9.997621386722775
4.525425171656438
1.4657743378685617
7.187738369693416
1.1102070182660284
6.703527658783503
0.1461476951918783
2.693952460811185
7.482353025639207
0.39041091874102873
9.803868711880613
7.457281814759769
1.0917272787838517
9.243075221564432
5.839077926491116
6.067831819318266
6.571683316401055
4.659821729858699
4.856820181587784
6.289709612337923
9.923703044979215
3.1334946009295206
8.68964506957302
3.5057543808541656
0.4174645674283828
6.012022375692913
3.1209921628823754
7.6179800300769385
5.41181696742081
6.26709958493182
7.410536311805696
9.277338924589232
8.005511994786845
1.0552776354644744
0.21953475260059863
3.07430197056324
2.458338171277318
5.375750396018412
5.4383889090949165
0.20927387536909592
6.062290830251693
8.140050351727107
6.4507513790215665
0.704383003686867
3.9623792196203556
4.646254677411661
4.859409822629388
3.304416139041181
3.5574249597592833
4.9506152173715146
1.868320112470211
9.511557048267639
5.9082200188733145
7.762544091872825
5.491583794983699
8.713384624258397
0.2513280742559143
6.1513653070308125
8.874389211643281
3.430720167520529
5.353118263517905
3.897374357489646
1.5150409505827456
2.816879032661493
2.1251712290272007
0.45934364923619575
0.7430731549672698
9.611369572525655
0.2007426460448003
0.6536614928387252
9.726381345284086
8.35708373946408
4.526074893886756
1.104922619020614
9.156216562443976
5.987555520107051
8.448103265781999
1.5676940769282333
8.211923918374621
7.639182990335334
1.6586726516743433
2.219703682604617
5.573534839981864
2.0825081939147037
7.061683225186664
5.260755857578317
1.9786027077344082
9.94447512601338
0.4111839272712903
9.173632146150364
2.1856170314638055
8.281421660196882
1.2022682789414518
0.8564873998250244
2.5510468718999437
8.4017947176062
5.608859784844867
6.354992443337037
3.2442609011212498
7.235979272980217
4.350297712173134
0.7449703091052196
9.799593727542312
3.873143525968432
1.023384717668332
9.020627634342574
1.0110842621525673
5.722047675806909
0.12882708065143245
2.5615895872586614
2.0641221349208463
6.471207596517106
1.6367041233718171
0.6355101394674512
6.611642824332312
3.2492022440327215
2.566406872871881
3.6360950949777693
5.906321567032638
7.816474168874414
2.172621147823093
1.171257338857944
1.8613416359295554
8.155866693838863
1.4113285178274149
6.222360282574584
5.015964453237588
2.862735549817427
8.877581137349116
7.916274962486844
2.318293134475453
6.585679904779141
7.852333618117278
5.165095444520521
3.7777887722577033
1.7714785669888666
9.728830385531325
4.446321582067045
8.546621355371565
2.256944353851207
2.9970157210344417
4.691741749170126
2.5102672904088186
4.302647739657307
0.7721296191761029
5.398387996976836
3.744717481649973
2.171248345723832
9.016381944050963
9.216169824257268
8.301780554949199
3.2491210335151144
6.1994781930334275
6.674692536044752
4.050968120656016
1.6906861606052637
8.634188895813532
3.796080264522288
7.528923499404396
0.6839137303591658
8.930690105627782
3.074350280048318
6.0810423929249025
6.291883956576121
2.8836798163667234
4.757065690521277
9.588668640804082
2.1555929775619043
4.013548646892859
5.771511216277143
7.378654735256218
7.520410696994192
9.921183052363343
5.675648900026205
4.5566910448890745
9.125507028137122
7.196146291627703
5.193713320342367
5.244382081976136
1.4443227977608297
4.151363304563188
0.7092437383372197
1.069273970535738
0.2026600957727409
0.30767233862263765
0.866589037599026
9.93394365763631
5.678370568723113
6.889777669543707
5.759275923628955
2.91284617141085
6.691610340848252
4.2365263149528225
0.7587753910753547
4.978335615927447
9.489546598973009
8.108853687614431
3.087680318189212
6.578115344321152
8.600946437943367
0.020243810349904745
7.743279398157796
0.8995123465516663
7.518083031706552
2.6302438577493845
7.110587664079495
3.23414442893044
5.808708036886881
0.570095625343664
7.596554928689341
1.3269866993340107
9.983322849176584
6.646916041529829
2.570502734081085
0.8374053344056487
3.6576767851325864
9.152305304457208
3.9409831891766665
3.3522141924081508
5.715418002898879
5.187491697387861
3.0313040371566657
5.8949345242120375
7.785979583491626
7.955333486702607
2.5648985032007587
8.035287405974692
3.319366329217759
5.728688397552567
3.8611727887729352
7.270826199186109
3.2487105537877237
3.4807477797415065
4.77240897269891
7.093325302708724
0.2890251912942132
9.688189953643342
2.496859245931132
6.514930877857031
6.514775013934079
0.495107348947742
7.982641135155503
4.4705359328726635
4.75688255494259
8.22230269254766
9.229397991132537
0.03365345519781737
9.383861257425995
5.532740588753243
4.290133355706194
4.244003517389274
7.149746167756383
6.211711503450887
1.7520075428179827
1.8433752882994048
8.511871549359745
1.6415255026732511
6.851896510144007
6.149476258057702
3.811845738410178
3.820887726381179
2.756034231254282
6.677191557449377
9.322877388887633
7.195114466686148
6.526740369197158
8.86507914700638
2.6138970704809914
7.7303732468023965
2.035525876809574
7.838304658173829
1.0499093921059155
5.334902243509536
8.986267350319475
2.1787666622774315
4.1639637277016455
8.414849635817427
6.018673292409522
8.232633037194669
4.165015479703155
6.420215180403936
3.1509625155226297
1.8022856935338272
9.86677166672286
5.962437978883571
2.6503329744406523
3.0684922734971956
2.6566586259327654
6.006930410051742
0.7509019860254851
4.563932947989761
6.7762518713912465
8.636575658249003
3.90201058631786
6.987159525343696
5.891241359913362
6.647846051391455
0.441973471553192
6.13180688197054
3.6678349018847167
5.08818573414773
7.248180212852744
1.2574627922240844
9.998471454842262
0.0808817397289141
6.313583970915824
9.189729701508671
0.27194708741776874
8.578607947477453
0.4921273511009494
4.203525811474024
7.523855379392401
2.010145295132908
0.9229813073764814
9.867416409324424
6.072910479708314
0.8662918336880221
5.617348509481469
4.208854187354597
2.8765330256950508
5.083207885853117
0.5953803274751412
1.0301095301422136
7.431712306585237
2.4298226908735163
0.5310649846441229
2.2125804916765235
6.85209347959071
4.564759320845195
7.512768276536967
7.4947341555536084
2.5474780857277226
3.6506165736852147
7.910593396036858
1.0691751367631797
1.3553995120769136
9.943908191860755
2.1427485937501856
8.796790628889967
8.627934588627587
6.65367116570001
8.127019277283049
9.246062653973711
5.893642756180889
4.43121570414816
6.584204210211533
3.2006907111066085
3.3189460220303113
9.79373168728703
2.914322465239847
4.466438010223127
2.260294827371739
7.478844461367762
0.7039926816296604
3.813210199813044
2.644255288668107
8.06144893710597
3.6596192456654277
9.604100046122467
7.192640715411148
3.6533635175415924
1.5256904896402501
9.094735076674267
3.696475536394177
7.4827470013180255
4.876121494681262
3.675364388117135
7.009366184156041
6.53716719982623
9.633242920792156
9.35447098814309
6.154858632261256
4.0112410362486886
3.1264334969017704
9.16180812150439
2.7569105554695272
9.401585583929506
1.598758995711762
7.219686501813748
9.892470521681
8.066660061321864
3.346391298219541
7.02903644748127
7.0879980514469265
0.09169278510212431
6.834188378812631
1.065156859592673
0.35344742593315104
1.4347406828994647
4.135580447655599
8.811956749690086
0.37101937731831347
7.665448077833257
3.2976841791051257
0.14992083911316678
2.451788567084935
8.382023455615814
4.410661526135256
8.25658745397243
7.709899903949198
2.2010748604188155
2.6089333009444946
4.305185421194886
7.516718004650654
6.479541756585528
0.2920353097102346
7.570351794722372
6.659772482429471
5.00951127024082
7.477229420045724
0.9318582685542964
0.712248084362167
7.543399287304425
2.9934901581787523
7.918108312467403
7.076368293713495
7.244907328827175
1.2905280964485455
4.105185363811573
3.4701902757391134
5.1348170360504986
1.331936616695748
2.974115114148439
3.044642764222689
0.32548907266394034
1.6398965910572871
3.6020518929069256
7.035108887589143
4.0897214757906255
3.1181541798065195
2.762172122226448
9.223486800996056
2.112668590743038
1.448294022132297
9.904664969691721
2.7281728986029616
6.543843483955944
4.861726041721154
5.413520088183567
2.5161556146065345
6.440011559464644
3.009161438689252
3.0303873066180675
6.33885695327813
4.714732241419099
5.148676807734715
6.666154518298839
1.7624340258208648
7.809669124251607
3.137550411573111
1.7520166006396187
5.6012719173970416
1.1719342902029617
6.821934935880401
6.895622769462499
9.958820302658605
3.5330148363279843
4.535060003685104
5.828838716255621
3.108958989943594
4.178365709127705
1.261499548463516
3.6474896075631555
5.396834524309654
2.2992023054203314
0.35112273107391734
6.405002428852315
2.7257338680931555
9.069513723152198
9.54767494087516
1.3137440760667052
8.119156634610938
5.831691088794287
9.443410637616996
0.004768364224769783
7.273391003331949
1.0735347959707875
7.118850828696326
0.9997109223742096
8.091098704386114
8.835743075672868
7.743166975435811
0.0682366716148941
3.3146026996415556
0.7062768168912581
4.911011880442552
7.158106960838426
1.7048946439825707
0.7337614407382298
4.6270555258127475
0.5345679654699953
6.476457502933012
3.2911650771664136
9.117612469686126
5.510801742416587
5.157974611531926
7.148421257107139
4.5764687796934105
8.47204594024416
6.611742030129052
7.066269679055423
9.056448957075423
3.806954280391164
3.3761162652158108
7.6425672497006145
5.183213814500977
8.203496971935465
3.248062096031413
6.632978768775024
4.979979356274393
3.7508683864872117
8.985280957682122
9.036841126482676
2.785291868537394
2.300109244254939
3.4550847593872724
8.580661839733924
3.1280107529422283
9.763952445199179
6.39218157501915
5.969331347468168
9.184163440075972
9.622496493236557
5.3591316735461705
1.1150678501776135
9.081357859971199
5.776288546704342
9.37074190072112
1.2683440439647697
2.706424885766263
3.6930232017755427
5.596137939343721
1.016600822385405
9.922085666562149
8.41069443806903
1.5006066585090594
7.2257460833762845
4.7279395479064155
8.04771986305497
7.0270040425945055
8.191550477005036
7.299026802749408
6.544219036504745
6.406913160128398
6.1301319922548
7.3883959653883045
4.059504235322469
7.8572559735379075
6.669993774973464
5.428586806329038
1.5522693973626611
3.201529185235951
4.824469950700218
7.250072282317355
1.6104237692862755
2.1189648478434373
7.416769002463647
7.382026535775227
4.738075520267903
9.580667310581749
3.3169937805444425
3.67709408523083
8.255126925842251
2.6989588151136044
6.828889499543125
8.496984778603741
7.094914620610756
7.101239473305489
5.650328458336889
0.04568097679172767
7.588049872409871
6.5293799333028435
8.735680206744645
8.057913700880272
7.3644156144316275
5.22316848559642
8.900326972133843
8.138370266751643
5.5738813818133
2.406294952781405
6.6855950312245245
3.2341432109787616
4.246038941776371
9.874607535223799
8.941240646479365
1.6816133036173275
4.525772131206107
5.131439021733346
7.5494211765167085
9.236447842398597
1.0625425771795127
4.769397993650825
6.643540231913811
7.547776387111219
5.739451756502171
2.335745561148709
1.9090191903419684
1.1023832141378176
2.081330882394149
5.672971938375734
9.347749274470093
9.339292883750533
4.635684954234013
1.9700623115125449
1.849507950417656
4.780517813370045
7.215525676489314
5.532401486932495
8.552373891495876
1.235990320489161
3.7702888886310304
6.833357748566851
0.07080212883432413
3.5227911943482013
3.10670270301052
8.989344730458933
3.640508611283837
8.853854342401746
9.30517979789842
9.446444660704248
9.94563776513096
2.3423843130601387
8.41578016589661
2.697497046312327
0.5225880227813284
4.434622024331729
7.597991921801071
3.2728352948172157
5.987016376863357
5.588595517879181
7.65697868476403
1.616727115082227
9.914081465661386
3.6484232971717545
1.740083233268055
7.4658930790593185
8.055928099328476
4.13615553910216
4.776541933923143
2.411244218180099
5.5458378296365085
1.0694538305612578
1.0553869231283686
3.904760123360157
7.681009038650495
2.2344400367421944
7.554901925062399
8.992256764495906
8.78385191081643
6.957534777596155
9.482955902273703
7.6424603940911195
0.6276649532366396
7.14782448109923
0.9998766031099993
4.78784253346915
8.331401271395826
4.2152185316068955
4.659315481423015
7.64358673740613
6.616592787216483
7.418888969476343
0.6834455693981178
0.006671392418282629
4.4452969877649835
3.062478922732951
7.65702721690592
9.99422609967257
7.308427520355608
7.0202448646144315
9.984511748689457
7.740194643654866
6.567540414945698
4.095442314311026
5.84783140100871
9.261264919042585
6.379441411110389
3.2828719802252717
2.7145508210253935
0.15453042904211123
1.1483277457929075
0.018812279632618445
1.9886938396434373
1.0083350384284662
8.459506989075734
7.5537174419560245
6.490873701842348
8.72695968335842
8.765439009303837
8.442592749479289
6.919766482263631
8.528072618433779
6.900225261797298
0.5318967340882863
0.7146645683807495
6.261927963248271
4.861812586570258
8.697162379795765
5.6498211423033045
5.035254479726902
3.8209380500941617
8.358189745866992
9.16391418685466
7.7133496500977206
0.8319462222422147
3.9281095972241964
5.993676589353436
2.3577279301047636
8.634832788625806
2.9969827593625853
3.4138973049600843
9.897680656573183
2.620744606529235
3.7394729165285243
5.523585700755332
2.545204339490661
0.8240222393080665
3.5858003196603794
3.349630516878228
0.3213358073834216
8.808931221439716
4.6192978454929765
1.8561262958458813
8.562416983810083
7.174667159400805
3.719387190632626
9.216875204219706
1.053319350630273
8.010282449949484
6.346548447494725
5.256123036090229
3.6812934114391247
4.480917960213089
9.441548014383603
4.889734132729235
0.2904136516896927
7.002220491064488
8.752682270411078
4.0351761946150955
3.5742407424141986
8.834683932864277
3.9833177989210133
9.605256035236902
4.635621597245891
2.9590354173114495
9.151125315437396
5.374768542733788
0.22223648022620446
0.48203153588933456
9.244614846950212
9.906884184199132
6.160182540681506
3.2687665506966104
2.2937180924153755
3.0419278487496246
1.908492706654329
3.4408128447627186
2.1792349379456866
0.9185437412879327
5.993828013474818
5.055447671210885
3.585963527357819
7.939958728004143
5.485951192588874
6.915145529553025
4.598578986860302
6.83777732064774
9.671548902813957
7.264609484961403
6.145318097770554
2.757248424535832
2.4885368794034135
8.631903655274089
1.8601574520378994
0.1253456319198787
2.1427041033681915
4.432431708066984
5.129284883750769
6.721571540246791
